A top-left 6x6:
   -99.13     8.51    88.13   -26.11    50.59    43.43
    57.17    43.58   -95.19    -7.50   -80.13   -68.87
   -23.02   -12.01    29.17    74.59    79.60    87.01
    77.66    57.31    30.58    74.43    46.30   -89.05
   -47.92    59.73   -19.42    55.53   -79.20   -18.64
   -82.24   -77.84   -20.02   -45.78    97.87    75.10

A^T top-left 6x6:
   -99.13    57.17   -23.02    77.66   -47.92   -82.24
     8.51    43.58   -12.01    57.31    59.73   -77.84
    88.13   -95.19    29.17    30.58   -19.42   -20.02
   -26.11    -7.50    74.59    74.43    55.53   -45.78
    50.59   -80.13    79.60    46.30   -79.20    97.87
    43.43   -68.87    87.01   -89.05   -18.64    75.10

Timing average over 20 run(s):
global_memory_ms,shared_memory_ms,shared_padded_ms
0.0071,0.0065,0.0050
valid_global,valid_shared,valid_shared_padded
1,1,1
N=512, block_size=16
